(62, 21)


sx=191
sy=42
fx=334
fy=55
rurrrd
